2.745098039215682628e-01 2.745098039215689290e-01 9.019607843137245062e-01
2.913160474957858792e-01 2.725178335489636394e-01 8.994199888625623585e-01
3.079610968609022836e-01 2.702096937469906646e-01 8.966664888194817440e-01
3.276263243424893390e-01 2.663315690137912917e-01 8.927926759096053155e-01
3.432864260843342952e-01 2.623467424188421493e-01 8.927432939212992524e-01
3.624480818985208463e-01 2.576322527043914401e-01 8.882602099010808994e-01
3.783010788238753141e-01 2.539404957333279422e-01 8.845156464897315773e-01
3.933470193300315221e-01 2.489702024131055791e-01 8.837462354971575840e-01
4.117059368605615610e-01 2.430445240023356157e-01 8.783634726115636671e-01
4.269014697270642200e-01 2.383607997953863800e-01 8.738818907181097329e-01
4.446489248817032114e-01 2.316055420928038178e-01 8.678712575239472260e-01
4.587330243958325782e-01 2.252618533269692414e-01 8.661096150593794452e-01
4.732044405947851140e-01 2.195827305519832406e-01 8.608962250781369008e-01
4.900136364204510930e-01 2.115997789729758827e-01 8.540017460384167203e-01
5.033473377693177264e-01 2.042013656830899970e-01 8.515480414829657008e-01
5.194836084916893970e-01 1.953084067979074523e-01 8.440730318969528190e-01
5.328829771536348625e-01 1.881560981233041385e-01 8.378965309291942498e-01
5.460393582626614783e-01 1.806376332775882776e-01 8.315130149985308083e-01
5.606021480175229499e-01 1.691339331432955562e-01 8.265271952676377376e-01
5.732167537545774794e-01 1.606578540246703657e-01 8.197158478099507706e-01
5.876914735546502344e-01 1.489338648570363022e-01 8.109426895318158079e-01
5.981190043875341811e-01 1.410773198278637286e-01 8.059307841337636225e-01
6.099943516555288436e-01 1.308648935900071919e-01 7.985919876582870947e-01
6.235605377760949919e-01 1.165119709710517870e-01 7.892176077474908347e-01
6.349197140023303820e-01 1.042575955765672191e-01 7.815321023891375063e-01
6.473419340862863747e-01 8.450584989723589069e-02 7.751223090499301804e-01
6.582141121224952540e-01 6.804495826587098062e-02 7.671375407217430054e-01
6.688723950326340706e-01 4.800215959448334707e-02 7.590263390495662899e-01
6.804812896029129865e-01 1.262401257621177837e-02 7.521675658230360106e-01
6.906887045689896754e-01 0.000000000000000000e+00 7.438160611575274084e-01
7.022431968578457528e-01 0.000000000000000000e+00 7.333318012788084816e-01
7.120171960300509806e-01 0.000000000000000000e+00 7.247765312516154523e-01
7.211639187561764697e-01 0.000000000000000000e+00 7.195235064744411879e-01
7.319940063850169931e-01 0.000000000000000000e+00 7.087482838948837571e-01
7.411992070095275720e-01 0.000000000000000000e+00 6.999679129581066750e-01
7.511566223513322926e-01 0.000000000000000000e+00 6.924359642437195594e-01
7.600059834549555138e-01 0.000000000000000000e+00 6.835465110436677039e-01
7.687000129584504737e-01 0.000000000000000000e+00 6.746163196981138643e-01
7.784598679031654589e-01 0.000000000000000000e+00 6.635638766593098259e-01
7.864633061233924360e-01 0.000000000000000000e+00 6.579537354280690087e-01
7.958502143510545190e-01 0.000000000000000000e+00 6.468554451749419787e-01
8.039252275038099027e-01 0.000000000000000000e+00 6.378318575453070238e-01
8.121518697112644070e-01 0.000000000000000000e+00 6.296643370923376004e-01
8.160381772170771653e-01 0.000000000000000000e+00 6.145950936156383548e-01
8.190503316093350472e-01 0.000000000000000000e+00 6.023942412286922288e-01
8.228748468906169622e-01 0.000000000000000000e+00 5.872358942336486365e-01
8.257703142484958958e-01 0.000000000000000000e+00 5.749085874471434598e-01
8.288987979248347848e-01 0.000000000000000000e+00 5.591174262357538893e-01
8.322884511536009500e-01 0.000000000000000000e+00 5.471836892291347398e-01
8.349712331044646385e-01 0.000000000000000000e+00 5.346375433909580366e-01
8.378641343407416953e-01 0.000000000000000000e+00 5.186057158879847639e-01
8.411220061419613092e-01 0.000000000000000000e+00 5.065030543435568022e-01
8.438547234842321831e-01 0.000000000000000000e+00 4.903057913468177875e-01
8.470209035338401860e-01 0.000000000000000000e+00 4.780822727426145557e-01
8.495838624049679710e-01 0.000000000000000000e+00 4.617114286495324627e-01
8.517693923614269025e-01 0.000000000000000000e+00 4.486733679572467159e-01
8.547767723871568801e-01 5.196297003811367783e-03 4.362533142704773659e-01
8.570538250099433153e-01 3.717683701459578716e-02 4.196018153792875904e-01
8.589687578604086049e-01 6.380073433237617997e-02 4.063029035944956679e-01
8.620432427164587130e-01 7.935618698083529710e-02 3.902002315997626924e-01
8.637823223527298921e-01 9.736192520527076066e-02 3.767253379607809483e-01
8.665052162452085982e-01 1.083946407159227521e-01 3.639439056538434913e-01
8.682874083870717463e-01 1.235445781216903405e-01 3.467928630593481443e-01
8.697401978548858770e-01 1.369199322389718088e-01 3.330328320511991014e-01
8.724774537730479729e-01 1.458423125103920637e-01 3.164798499261922138e-01
8.737472347923598281e-01 1.577319955956075492e-01 3.025165529864471958e-01
8.750912272839604933e-01 1.693196496730526579e-01 2.848838822026692474e-01
8.774334066086456607e-01 1.765632363186693810e-01 2.715563218090859543e-01
8.784118004200486274e-01 1.869925479215388819e-01 2.572355421480033710e-01
8.807966393477508760e-01 1.939620178845957721e-01 2.400717197466172292e-01
8.815911324401147775e-01 2.037508527366794220e-01 2.254512901273330594e-01
8.824198573709234328e-01 2.134362340568535799e-01 2.069664415607721519e-01
8.844477090858758883e-01 2.195530352514788452e-01 1.929035196487551840e-01
8.849543437583500261e-01 2.285955733807176204e-01 1.776285321248633198e-01
8.854725460860136677e-01 2.375676375123411677e-01 1.581855286648483905e-01
8.873091037393464608e-01 2.432513956443024816e-01 1.432321600655908078e-01
8.876319795073059904e-01 2.518574878588066279e-01 1.225894049663591445e-01
8.893463897515192507e-01 2.573160012999417545e-01 1.064259545696433495e-01
8.894765786220139026e-01 2.656047406965085789e-01 8.335322170612904924e-02
8.894186362542677582e-01 2.736341852979345401e-01 6.266645349647495533e-02
8.909456341066946949e-01 2.787987025636444738e-01 4.064696610406632465e-02
8.907830941729885099e-01 2.866616355487038859e-01 9.801570962961527259e-03
8.904618547273688289e-01 2.943211198609051449e-01 0.000000000000000000e+00
8.918489260849810085e-01 2.992870601361631300e-01 0.000000000000000000e+00
8.913677149381884490e-01 3.067402648221958517e-01 0.000000000000000000e+00
8.907996855216455678e-01 3.140840003229844468e-01 0.000000000000000000e+00
8.835043780694785687e-01 3.291660316048480306e-01 0.000000000000000000e+00
8.736887728756227434e-01 3.463019630219695277e-01 1.500397798632582044e-03
8.632163645514341344e-01 3.630627025668872188e-01 4.178302580738926103e-02
8.535756559568289381e-01 3.777244619779631107e-01 8.149258726407893061e-02
8.417249179425086991e-01 3.937676259214979990e-01 1.123166448315722210e-01
8.290292432082843055e-01 4.093796164319297715e-01 1.446481517220105095e-01
8.174239689441957779e-01 4.230621224593966168e-01 1.740514602070467876e-01
8.057225188047631992e-01 4.360500028709515252e-01 2.019468623749329783e-01
7.908431892694358645e-01 4.506718561649898924e-01 2.315340348804790782e-01
7.774627564286477055e-01 4.635606880576291222e-01 2.556282180937313742e-01
7.611405562458277707e-01 4.774636198000978271e-01 2.845895217017446188e-01
7.442429280116559243e-01 4.911187245251893985e-01 3.094775779890973078e-01
7.264451788922324793e-01 5.042236230293488664e-01 3.379033936749887834e-01
7.104096696166900538e-01 5.155617598789957734e-01 3.648088819956540330e-01
6.941425725878491715e-01 5.264133912629420653e-01 3.910458243621312002e-01
6.744241164795015120e-01 5.383197573677201975e-01 4.186589646976602297e-01
6.570150469742265242e-01 5.487554156670206851e-01 4.409541271325638778e-01
6.361796216197104226e-01 5.597876254126574747e-01 4.678450363682596369e-01
6.147997900912421931e-01 5.703402616082577925e-01 4.943137004594053141e-01
5.960692517569455839e-01 5.795788025734762705e-01 5.155292987803504756e-01
5.737962205123700032e-01 5.892206417661125517e-01 5.411408930651724347e-01
5.541022606059400335e-01 5.974031880969942199e-01 5.652543105220998454e-01
5.310513405986060365e-01 6.061236896611104097e-01 5.899729766699975952e-01
5.110328561833138439e-01 6.137745745248516238e-01 6.096140243154326566e-01
4.873958193807123584e-01 6.215853443584478111e-01 6.333877852803589947e-01
4.634956451791504839e-01 6.289172110560704576e-01 6.566544622535954723e-01
4.428280559694000584e-01 6.353921516980102213e-01 6.750478496093390568e-01
4.185136177677385994e-01 6.418618803515989679e-01 6.973875603341588292e-01
3.972703275022842484e-01 6.472523499688619397e-01 7.186732664432531337e-01
3.758379615529213180e-01 6.523201260760587150e-01 7.395372552598652449e-01
3.510638505251548191e-01 6.575823820211695869e-01 7.605610477968546279e-01
3.264849593477097689e-01 6.628111558397845604e-01 7.775649128272723587e-01
3.013345583397567529e-01 6.672935912085409260e-01 7.977362355705674979e-01
2.794474786876099404e-01 6.714255845899737007e-01 8.135774744746666620e-01
2.536592557483933752e-01 6.752477294294128018e-01 8.330212365762076354e-01
2.320211000752999686e-01 6.782848019498015635e-01 8.517675992653751527e-01
2.084453073979686266e-01 6.812347835284259245e-01 8.702722293805418285e-01
1.808733209731056835e-01 6.841797062383127015e-01 8.887507871256175029e-01
1.525495783609443767e-01 6.872724417082776149e-01 9.034411569360721872e-01
1.239887635602299754e-01 6.895521399623114611e-01 9.212040891466481973e-01
8.886003411705481470e-02 6.922092566688395898e-01 9.354256707078962840e-01
4.037341937056687646e-02 6.942232371894736520e-01 9.528942019699292443e-01
0.000000000000000000e+00 6.959773756324278970e-01 9.700860800072147461e-01
0.000000000000000000e+00 6.992966867156305000e-01 9.656986157259036530e-01
1.409285160736481642e-02 7.021026204841479545e-01 9.646963113874676976e-01
1.240987584769158089e-02 7.057426281954508607e-01 9.604837354683523065e-01
2.818382276949622095e-02 7.085481741658411492e-01 9.594790885323488672e-01
2.297758783520206793e-02 7.122471216552991313e-01 9.553270126099927539e-01
4.137096718209135743e-02 7.154816620972387353e-01 9.508428942604866263e-01
3.971806652700014123e-02 7.191036503703646110e-01 9.466092245966827301e-01
5.422252856873562704e-02 7.219079253014779596e-01 9.455955702663941809e-01
4.982926694879990376e-02 7.255894675680927275e-01 9.414215593056458609e-01
6.280286271720844637e-02 7.283948441192753531e-01 9.404043677660230971e-01
6.333301306730887426e-02 7.324165746222961459e-01 9.326550284328057883e-01
7.463054605951674469e-02 7.352215888525065468e-01 9.316304415583667176e-01
7.117617271862913819e-02 7.388879964179763116e-01 9.274344294076691808e-01
8.170235185230131925e-02 7.416949620028562284e-01 9.264055385924632180e-01
8.070454754307843093e-02 7.452914212674466299e-01 9.221339476027726745e-01
9.166488024324861983e-02 7.484981154362283506e-01 9.175793855591714010e-01
8.874275475147672121e-02 7.521514505789618221e-01 9.133614724779552940e-01
9.783321594978544589e-02 7.549617587846805256e-01 9.123191969579325100e-01
9.697345563720441430e-02 7.585464827433204826e-01 9.080266260357628960e-01
1.055204811188354408e-01 7.613597420549846895e-01 9.069790566954860633e-01
1.047175496396833827e-01 7.649411883836871873e-01 9.026785648274915363e-01
1.121416928105965771e-01 7.682030342830015179e-01 8.981420770734926950e-01
1.198143229612514404e-01 7.710208350114711173e-01 8.970829197021056300e-01
1.191124981019982543e-01 7.745967019281245758e-01 8.927657908996712299e-01
1.264571833209260088e-01 7.774182663884178224e-01 8.917006116053417530e-01
1.242664742690423318e-01 7.810555767830150709e-01 8.874402616714429648e-01
1.322159045266301236e-01 7.842504018881002459e-01 8.827958469385525087e-01
1.315691264447894360e-01 7.878183208196291032e-01 8.784583518549510250e-01
1.383932108991649534e-01 7.906471933438392607e-01 8.773760631574132329e-01
1.363664890539695862e-01 7.942768446313045461e-01 8.730947809759106448e-01
1.430213924989217900e-01 7.971104729112139520e-01 8.720058028646548998e-01
1.431387715311592257e-01 8.010308814636005748e-01 8.640551333240575893e-01
1.495475162087547827e-01 8.038683391955810942e-01 8.629546234446763275e-01
1.476517875012057224e-01 8.074917817812997667e-01 8.586531027262085392e-01
1.539230371777113304e-01 8.103345458899423592e-01 8.575454958194346222e-01
1.533581332226951477e-01 8.138939873804158509e-01 8.531736254199128178e-01
1.600597911143517849e-01 8.170873866829714283e-01 8.484355042562593541e-01
1.582717605689059615e-01 8.207059670858743994e-01 8.441145677005154058e-01
1.642256639616636871e-01 8.235590031654386189e-01 8.429874493149067671e-01
1.636899549193846504e-01 8.271145722672182954e-01 8.385974393081500056e-01
1.694996400220056543e-01 8.299735395579257435e-01 8.374627562012360027e-01
1.689806778442711210e-01 8.335292668396292459e-01 8.330663405337551675e-01
1.751623366697818152e-01 8.367266244959229438e-01 8.282706698068039719e-01
1.751478094001497343e-01 8.406078589437478987e-01 8.202039564917827930e-01
1.746239080819393663e-01 8.441562456758462396e-01 8.157918364588921945e-01
1.745667672509967072e-01 8.480236683895051586e-01 8.077080155984887044e-01
1.744837202863279979e-01 8.518822603194031728e-01 7.996129823090865063e-01
1.739183854120933959e-01 8.554195778549132934e-01 7.951903581100180363e-01
1.737956473344650921e-01 8.592650349556112399e-01 7.870804279743921494e-01
1.736486850347232491e-01 8.631020302205902883e-01 7.789605427996915132e-01
1.730451483294752624e-01 8.666291455042790526e-01 7.745299438302685191e-01
1.728613025666383973e-01 8.704536799505130373e-01 7.663973209010743748e-01
1.722352211790751930e-01 8.739753911771844797e-01 7.619638585248714735e-01
1.720162031233685440e-01 8.777879001132273817e-01 7.538198322204401336e-01
1.717755622613440503e-01 8.815925499231040963e-01 7.456678567626678911e-01
1.711162556622659869e-01 8.851054895532294298e-01 7.412303174805446870e-01
1.771897499799118259e-01 8.882900494774302880e-01 7.362555859453645546e-01
1.769175448563615471e-01 8.920821746136141650e-01 7.280799823453623087e-01
1.762679535784784923e-01 8.955914483779019442e-01 7.236352679613983208e-01
1.759661320443258459e-01 8.993728123714420652e-01 7.154520071274687032e-01
1.752993609378115103e-01 9.028781059514526808e-01 7.110079667460192931e-01
1.749694855082516431e-01 9.066491350598863130e-01 7.028183155346577893e-01
1.746220979088797254e-01 9.104132164574664232e-01 6.946236530271596710e-01
1.739302249607510287e-01 9.139119286960818433e-01 6.901809856207663518e-01
1.735571782372410110e-01 9.176663299581835354e-01 6.819819085765697064e-01
1.731680043807883040e-01 9.214141355390257360e-01 6.737789974391850123e-01
1.724536460865820076e-01 9.249071228221381613e-01 6.693397491294057478e-01
1.720411058708524454e-01 9.286458997646689362e-01 6.611343476346613901e-01
1.713139366589515600e-01 9.321363764719016176e-01 6.566991153876509113e-01
1.708794213005337403e-01 9.358665460160167093e-01 6.484923910145663495e-01
1.769384483618293147e-01 9.390537310680557859e-01 6.433720962937586885e-01
1.762328483164035675e-01 9.425436544490092272e-01 6.389374396545373092e-01
1.757873201706155186e-01 9.462655067673045872e-01 6.307203965372500942e-01
1.753293372012043327e-01 9.499816237583810219e-01 6.225025395516284865e-01
1.746085275560934069e-01 9.534679405205547242e-01 6.180762885952614250e-01
1.741333366354399781e-01 9.571766233509154675e-01 6.098608546824164645e-01
1.734043019397407681e-01 9.606617944512930718e-01 6.054416248345123597e-01
1.729131738507813931e-01 9.643634520618390438e-01 5.972297695902983872e-01
1.724115356366213714e-01 9.680599302189986100e-01 5.890190195928489691e-01
1.716709851383650953e-01 9.715428651391263548e-01 5.846110915241821138e-01
1.711553563423513780e-01 9.752329410814505328e-01 5.764057954403645212e-01
1.706303448979042126e-01 9.789181688835585371e-01 5.682028061871697844e-01
1.698804114371881557e-01 9.823996884609021985e-01 5.638078993085849921e-01
1.693432690694448572e-01 9.860791298574379526e-01 5.556122437629883448e-01
1.685886929335558559e-01 9.895609143224018966e-01 5.512270897113563661e-01
1.805436538561122906e-01 9.926948765646997908e-01 5.419924424251078010e-01
1.928172118782375544e-01 9.957721471095352106e-01 5.327002518721803970e-01
1.999986053441883960e-01 9.992387853221630367e-01 5.203720869253698478e-01
2.145895127800750979e-01 1.000000000000000000e+00 5.109083877544193797e-01
2.302575475670152194e-01 1.000000000000000000e+00 5.051492790707349245e-01
2.422625781676540635e-01 1.000000000000000000e+00 4.925239025444556051e-01
2.603280587819923331e-01 1.000000000000000000e+00 4.827280163827146198e-01
2.791668808646788347e-01 1.000000000000000000e+00 4.728153067382248609e-01
2.945342279358861282e-01 1.000000000000000000e+00 4.598823532917656887e-01
3.147402906164323277e-01 1.000000000000000000e+00 4.535481632483776004e-01
3.354883122330686862e-01 1.000000000000000000e+00 4.432929243939875974e-01
3.529852295928934125e-01 1.000000000000000000e+00 4.300517548076256968e-01
3.745915117352468515e-01 1.000000000000000000e+00 4.195827757744127751e-01
3.964572523848624575e-01 1.000000000000000000e+00 4.090063050474677109e-01
4.119768404551076291e-01 1.000000000000000000e+00 3.995522439959337535e-01
4.342856388550327407e-01 1.000000000000000000e+00 3.887921303783630766e-01
4.567303534193747905e-01 1.000000000000000000e+00 3.779354383487988356e-01
4.761691187337789288e-01 1.000000000000000000e+00 3.641586026502949269e-01
4.988529140306159904e-01 1.000000000000000000e+00 3.531290043950792712e-01
5.215268808202945250e-01 1.000000000000000000e+00 3.456873811141933928e-01
5.413001144972527934e-01 1.000000000000000000e+00 3.316484613045642682e-01
5.640883846039351779e-01 1.000000000000000000e+00 3.203613069405593650e-01
5.839332784593667114e-01 1.000000000000000000e+00 3.061567617011560771e-01
6.066334477150098214e-01 1.000000000000000000e+00 2.983039365011287969e-01
6.293291642252633045e-01 1.000000000000000000e+00 2.867777011073078808e-01
6.490891979116676369e-01 1.000000000000000000e+00 2.722873435292113009e-01
6.716425991009866703e-01 1.000000000000000000e+00 2.606177917001304967e-01
6.940969033525316023e-01 1.000000000000000000e+00 2.488890447876692669e-01
7.103093639250714908e-01 1.000000000000000000e+00 2.382407059174905251e-01
7.325651902656999948e-01 1.000000000000000000e+00 2.263412720103497588e-01
7.546918653880745342e-01 1.000000000000000000e+00 2.143705889086747196e-01
7.738726959512193249e-01 1.000000000000000000e+00 1.990647563146558663e-01
7.957210117086817025e-01 1.000000000000000000e+00 1.868275829699660995e-01
8.173804046837667148e-01 1.000000000000000000e+00 1.776865400973183795e-01
8.361262320880427090e-01 1.000000000000000000e+00 1.614647070974070120e-01
8.575004992556416461e-01 1.000000000000000000e+00 1.485193450235245960e-01
8.787026315651772501e-01 1.000000000000000000e+00 1.352860582680771862e-01
8.969548088025144361e-01 1.000000000000000000e+00 1.171628313386594011e-01
9.177809251370363519e-01 1.000000000000000000e+00 1.058141575673335333e-01
9.384482217567963191e-01 1.000000000000000000e+00 9.042421569492981037e-02
9.561748090238534337e-01 9.994437994344406162e-01 6.722237321546947753e-02
9.764705882352947564e-01 9.960784313725489225e-01 4.705882352941145180e-02
